;; GF1B/PMS RSR
;;
;; Calf Lai 2024-09-25
;;
;; datasets: wavelength, RSR
;;
;; BAND MS1
400 0.000000
401 0.000000
402 0.000001
403 0.000000
404 0.000000
405 0.000000
406 0.000001
407 0.000001
408 0.000001
409 0.000001
410 0.000000
411 0.000000
412 0.000000
413 0.000001
414 0.000001
415 0.000001
416 0.000002
417 0.000002
418 0.000001
419 0.000001
420 0.000000
421 0.000000
422 0.000000
423 0.000000
424 0.000000
425 0.000000
426 0.000000
427 0.000001
428 0.000003
429 0.000001
430 0.000012
431 0.000012
432 0.000021
433 0.000042
434 0.000071
435 0.000141
436 0.000223
437 0.000201
438 0.000147
439 0.000114
440 0.000196
441 0.000354
442 0.000784
443 0.001699
444 0.003057
445 0.004147
446 0.004584
447 0.004927
448 0.006388
449 0.010757
450 0.020823
451 0.037361
452 0.055072
453 0.066960
454 0.073503
455 0.085883
456 0.116517
457 0.169891
458 0.236380
459 0.286286
460 0.302934
461 0.298033
462 0.302261
463 0.327917
464 0.377689
465 0.439565
466 0.492233
467 0.523053
468 0.539129
469 0.552906
470 0.579737
471 0.615936
472 0.656037
473 0.695243
474 0.716107
475 0.725676
476 0.732693
477 0.740552
478 0.755175
479 0.777829
480 0.798039
481 0.818988
482 0.830121
483 0.840485
484 0.852195
485 0.855022
486 0.865084
487 0.875984
488 0.890415
489 0.900810
490 0.911129
491 0.923486
492 0.930669
493 0.942346
494 0.950097
495 0.963268
496 0.978207
497 0.983131
498 0.990246
499 0.994187
500 0.997939
501 0.998651
502 1.000000
503 0.995576
504 0.990568
505 0.980309
506 0.964016
507 0.936016
508 0.895988
509 0.844919
510 0.781131
511 0.709878
512 0.632671
513 0.554182
514 0.473799
515 0.400828
516 0.334103
517 0.275854
518 0.226125
519 0.184657
520 0.151027
521 0.123637
522 0.101838
523 0.084338
524 0.070186
525 0.059099
526 0.050260
527 0.043182
528 0.037353
529 0.032555
530 0.028530
531 0.025287
532 0.022514
533 0.020216
534 0.018324
535 0.016697
536 0.015283
537 0.014174
538 0.013261
539 0.012438
540 0.011712
541 0.011169
542 0.010752
543 0.010362
544 0.010039
545 0.009871
546 0.009725
547 0.009645
548 0.009634
549 0.009692
550 0.009804
551 0.010023
552 0.010297
553 0.010584
554 0.010931
555 0.011501
556 0.012119
557 0.012837
558 0.013716
559 0.014726
560 0.015798
561 0.017146
562 0.018719
563 0.020422
564 0.022498
565 0.024603
566 0.026809
567 0.029115
568 0.031529
569 0.033728
570 0.035492
571 0.036823
572 0.037856
573 0.038345
574 0.038166
575 0.037574
576 0.036661
577 0.035454
578 0.034109
579 0.032724
580 0.031413
581 0.030149
582 0.028941
583 0.027769
584 0.026900
585 0.026186
586 0.025655
587 0.025322
588 0.024997
589 0.025117
590 0.025317
591 0.025592
592 0.026011
593 0.026577
594 0.027194
595 0.028042
596 0.029160
597 0.030696
598 0.032334
599 0.034236
600 0.036360
601 0.038884
602 0.041704
603 0.044390
604 0.047294
605 0.050033
606 0.052497
607 0.054185
608 0.054340
609 0.052128
610 0.047018
611 0.039309
612 0.029948
613 0.021051
614 0.013605
615 0.008253
616 0.004841
617 0.002782
618 0.001611
619 0.000963
620 0.000596
621 0.000378
622 0.000249
623 0.000170
624 0.000120
625 0.000086
626 0.000064
627 0.000049
628 0.000038
629 0.000030
630 0.000025
631 0.000020
632 0.000017
633 0.000014
634 0.000013
635 0.000011
636 0.000011
637 0.000010
638 0.000009
639 0.000009
640 0.000008
641 0.000008
642 0.000008
643 0.000007
644 0.000007
645 0.000006
646 0.000006
647 0.000006
648 0.000006
649 0.000006
650 0.000006
651 0.000006
652 0.000006
653 0.000006
654 0.000007
655 0.000007
656 0.000008
657 0.000008
658 0.000008
659 0.000009
660 0.000009
661 0.000010
662 0.000011
663 0.000013
664 0.000015
665 0.000018
666 0.000022
667 0.000027
668 0.000033
669 0.000042
670 0.000052
671 0.000063
672 0.000073
673 0.000081
674 0.000084
675 0.000084
676 0.000078
677 0.000071
678 0.000063
679 0.000055
680 0.000048
681 0.000043
682 0.000038
683 0.000035
684 0.000033
685 0.000033
686 0.000034
687 0.000038
688 0.000045
689 0.000056
690 0.000071
691 0.000085
692 0.000101
693 0.000119
694 0.000137
695 0.000150
696 0.000153
697 0.000143
698 0.000122
699 0.000096
700 0.000071
701 0.000050
702 0.000035
703 0.000026
704 0.000019
705 0.000015
706 0.000012
707 0.000009
708 0.000007
709 0.000006
710 0.000004
711 0.000002
712 0.000002
713 0.000001
714 0.000000
715 0.000000
716 0.000001
717 0.000002
718 0.000003
719 0.000003
720 0.000003
721 0.000003
722 0.000002
723 0.000002
724 0.000002
725 0.000002
726 0.000002
727 0.000002
728 0.000002
729 0.000002
730 0.000002
731 0.000001
732 0.000001
733 0.000002
734 0.000002
735 0.000004
736 0.000005
737 0.000005
738 0.000004
739 0.000004
740 0.000005
741 0.000008
742 0.000010
743 0.000011
744 0.000012
745 0.000012
746 0.000010
747 0.000007
748 0.000006
749 0.000006
750 0.000006
751 0.000004
752 0.000002
753 0.000002
754 0.000003
755 0.000004
756 0.000005
757 0.000004
758 0.000003
759 0.000002
760 0.000004
761 0.000004
762 0.000005
763 0.000005
764 0.000004
765 0.000003
766 0.000002
767 0.000001
768 0.000001
769 0.000001
770 0.000000
771 0.000001
772 0.000001
773 0.000001
774 0.000001
775 0.000001
776 0.000001
777 0.000001
778 0.000001
779 0.000001
780 0.000001
781 0.000001
782 0.000000
783 0.000000
784 0.000000
785 0.000000
786 0.000001
787 0.000001
788 0.000001
789 0.000001
790 0.000001
791 0.000001
792 0.000001
793 0.000001
794 0.000001
795 0.000001
796 0.000001
797 0.000001
798 0.000001
799 0.000001
800 0.000002
801 0.000000
802 0.000000
803 0.000000
804 0.000000
805 0.000000
806 0.000000
807 0.000000
808 0.000000
809 0.000000
810 0.000000
811 0.000000
812 0.000000
813 0.000000
814 0.000000
815 0.000000
816 0.000000
817 0.000000
818 0.000000
819 0.000000
820 0.000000
821 0.000000
822 0.000000
823 0.000000
824 0.000000
825 0.000000
826 0.000000
827 0.000000
828 0.000000
829 0.000000
830 0.000000
831 0.000000
832 0.000000
833 0.000000
834 0.000000
835 0.000000
836 0.000000
837 0.000000
838 0.000000
839 0.000000
840 0.000000
841 0.000000
842 0.000000
843 0.000000
844 0.000000
845 0.000000
846 0.000000
847 0.000000
848 0.000000
849 0.000000
850 0.000000
851 0.000000
852 0.000000
853 0.000000
854 0.000000
855 0.000000
856 0.000000
857 0.000000
858 0.000000
859 0.000000
860 0.000000
861 0.000000
862 0.000000
863 0.000000
864 0.000000
865 0.000000
866 0.000000
867 0.000000
868 0.000000
869 0.000000
870 0.000000
871 0.000000
872 0.000000
873 0.000000
874 0.000000
875 0.000000
876 0.000000
877 0.000000
878 0.000000
879 0.000000
880 0.000000
881 0.000000
882 0.000000
883 0.000000
884 0.000000
885 0.000000
886 0.000000
887 0.000000
888 0.000000
889 0.000000
890 0.000000
891 0.000000
892 0.000000
893 0.000000
894 0.000000
895 0.000000
896 0.000000
897 0.000000
898 0.000000
899 0.000000
900 0.000000
901 0.000000
902 0.000000
903 0.000000
904 0.000000
905 0.000000
906 0.000000
907 0.000000
908 0.000000
909 0.000000
910 0.000000
911 0.000000
912 0.000000
913 0.000000
914 0.000000
915 0.000000
916 0.000000
917 0.000000
918 0.000000
919 0.000000
920 0.000000
921 0.000000
922 0.000000
923 0.000000
924 0.000000
925 0.000000
926 0.000000
927 0.000000
928 0.000000
929 0.000000
930 0.000000
931 0.000000
932 0.000000
933 0.000000
934 0.000000
935 0.000000
936 0.000000
937 0.000000
938 0.000000
939 0.000000
940 0.000000
941 0.000000
942 0.000000
943 0.000000
944 0.000000
945 0.000000
946 0.000000
947 0.000000
948 0.000000
949 0.000000
950 0.000000
951 0.000000
952 0.000000
953 0.000000
954 0.000000
955 0.000000
956 0.000000
957 0.000000
958 0.000000
959 0.000000
960 0.000000
961 0.000000
962 0.000000
963 0.000000
964 0.000000
965 0.000000
966 0.000000
967 0.000000
968 0.000000
969 0.000000
970 0.000000
971 0.000000
972 0.000000
973 0.000000
974 0.000000
975 0.000000
976 0.000000
977 0.000000
978 0.000000
979 0.000000
980 0.000000
981 0.000000
982 0.000000
983 0.000000
984 0.000000
985 0.000000
986 0.000000
987 0.000000
988 0.000000
989 0.000000
990 0.000000
991 0.000000
992 0.000000
993 0.000000
994 0.000000
995 0.000000
996 0.000000
997 0.000000
998 0.000000
999 0.000000
1000 0.000000
;;
;; BAND MS2
400 0.000000
401 0.000000
402 0.000000
403 0.000000
404 0.000000
405 0.000000
406 0.000000
407 0.000000
408 0.000000
409 0.000001
410 0.000001
411 0.000000
412 0.000000
413 0.000000
414 0.000000
415 0.000001
416 0.000001
417 0.000002
418 0.000002
419 0.000001
420 0.000000
421 0.000000
422 0.000000
423 0.000000
424 0.000000
425 0.000000
426 0.000000
427 0.000001
428 0.000003
429 0.000003
430 0.000005
431 0.000016
432 0.000017
433 0.000014
434 0.000006
435 0.000020
436 0.000005
437 0.000006
438 0.000006
439 0.000021
440 0.000016
441 0.000013
442 0.000010
443 0.000014
444 0.000026
445 0.000017
446 0.000023
447 0.000038
448 0.000053
449 0.000107
450 0.000146
451 0.000190
452 0.000282
453 0.000374
454 0.000410
455 0.000383
456 0.000369
457 0.000354
458 0.000336
459 0.000351
460 0.000382
461 0.000415
462 0.000439
463 0.000481
464 0.000557
465 0.000617
466 0.000662
467 0.000693
468 0.000686
469 0.000679
470 0.000666
471 0.000695
472 0.000737
473 0.000813
474 0.000928
475 0.001087
476 0.001294
477 0.001526
478 0.001691
479 0.001685
480 0.001478
481 0.001190
482 0.000913
483 0.000708
484 0.000554
485 0.000414
486 0.000329
487 0.000287
488 0.000270
489 0.000252
490 0.000241
491 0.000230
492 0.000252
493 0.000290
494 0.000303
495 0.000331
496 0.000403
497 0.000480
498 0.000597
499 0.000809
500 0.001147
501 0.001660
502 0.002489
503 0.003810
504 0.005878
505 0.009163
506 0.014255
507 0.021880
508 0.033067
509 0.049374
510 0.072221
511 0.104406
512 0.148760
513 0.206711
514 0.274586
515 0.345790
516 0.411073
517 0.469078
518 0.520573
519 0.568192
520 0.614100
521 0.654255
522 0.688939
523 0.717565
524 0.739102
525 0.757081
526 0.772155
527 0.785694
528 0.796466
529 0.807376
530 0.813822
531 0.819012
532 0.821076
533 0.817995
534 0.815422
535 0.811109
536 0.805109
537 0.803744
538 0.802561
539 0.804468
540 0.808183
541 0.817240
542 0.827291
543 0.841797
544 0.856607
545 0.870691
546 0.882854
547 0.895569
548 0.903251
549 0.908119
550 0.911423
551 0.912789
552 0.911508
553 0.909004
554 0.907493
555 0.909896
556 0.909751
557 0.912401
558 0.915156
559 0.922048
560 0.928548
561 0.936901
562 0.944844
563 0.952296
564 0.959481
565 0.966986
566 0.975059
567 0.982033
568 0.986450
569 0.990861
570 0.993316
571 0.995715
572 0.996625
573 0.996069
574 0.997391
575 0.998197
576 1.000000
577 0.999116
578 0.999094
579 0.998686
580 0.991801
581 0.979913
582 0.958795
583 0.922909
584 0.866895
585 0.791368
586 0.695600
587 0.587432
588 0.476876
589 0.375834
590 0.289291
591 0.218834
592 0.163306
593 0.121580
594 0.090349
595 0.067191
596 0.050230
597 0.037944
598 0.029030
599 0.022519
600 0.017763
601 0.014213
602 0.011522
603 0.009475
604 0.007887
605 0.006600
606 0.005641
607 0.004805
608 0.004055
609 0.003377
610 0.002711
611 0.002053
612 0.001465
613 0.000995
614 0.000633
615 0.000382
616 0.000234
617 0.000138
618 0.000085
619 0.000054
620 0.000036
621 0.000025
622 0.000019
623 0.000014
624 0.000012
625 0.000010
626 0.000008
627 0.000008
628 0.000007
629 0.000007
630 0.000006
631 0.000006
632 0.000006
633 0.000006
634 0.000006
635 0.000006
636 0.000006
637 0.000006
638 0.000005
639 0.000004
640 0.000003
641 0.000003
642 0.000002
643 0.000002
644 0.000001
645 0.000001
646 0.000001
647 0.000001
648 0.000001
649 0.000001
650 0.000000
651 0.000000
652 0.000000
653 0.000000
654 0.000000
655 0.000000
656 0.000000
657 0.000000
658 0.000000
659 0.000000
660 0.000000
661 0.000001
662 0.000001
663 0.000001
664 0.000001
665 0.000001
666 0.000001
667 0.000002
668 0.000003
669 0.000003
670 0.000005
671 0.000006
672 0.000008
673 0.000009
674 0.000010
675 0.000010
676 0.000010
677 0.000008
678 0.000007
679 0.000006
680 0.000005
681 0.000004
682 0.000003
683 0.000003
684 0.000002
685 0.000002
686 0.000002
687 0.000002
688 0.000002
689 0.000003
690 0.000004
691 0.000004
692 0.000005
693 0.000006
694 0.000007
695 0.000008
696 0.000008
697 0.000008
698 0.000007
699 0.000006
700 0.000004
701 0.000003
702 0.000002
703 0.000002
704 0.000001
705 0.000001
706 0.000001
707 0.000001
708 0.000001
709 0.000001
710 0.000000
711 0.000000
712 0.000000
713 0.000000
714 0.000000
715 0.000000
716 0.000000
717 0.000000
718 0.000000
719 0.000000
720 0.000000
721 0.000000
722 0.000000
723 0.000000
724 0.000000
725 0.000000
726 0.000000
727 0.000000
728 0.000000
729 0.000000
730 0.000000
731 0.000000
732 0.000000
733 0.000000
734 0.000000
735 0.000000
736 0.000000
737 0.000000
738 0.000000
739 0.000000
740 0.000000
741 0.000000
742 0.000001
743 0.000001
744 0.000001
745 0.000001
746 0.000001
747 0.000000
748 0.000000
749 0.000000
750 0.000000
751 0.000000
752 0.000000
753 0.000000
754 0.000000
755 0.000000
756 0.000000
757 0.000000
758 0.000000
759 0.000000
760 0.000000
761 0.000000
762 0.000001
763 0.000001
764 0.000000
765 0.000000
766 0.000000
767 0.000000
768 0.000000
769 0.000000
770 0.000000
771 0.000000
772 0.000000
773 0.000000
774 0.000000
775 0.000000
776 0.000000
777 0.000000
778 0.000000
779 0.000000
780 0.000000
781 0.000000
782 0.000000
783 0.000000
784 0.000000
785 0.000000
786 0.000000
787 0.000000
788 0.000000
789 0.000001
790 0.000001
791 0.000001
792 0.000001
793 0.000001
794 0.000000
795 0.000001
796 0.000001
797 0.000001
798 0.000001
799 0.000001
800 0.000002
801 0.000002
802 0.000001
803 0.000002
804 0.000002
805 0.000003
806 0.000004
807 0.000005
808 0.000006
809 0.000008
810 0.000010
811 0.000012
812 0.000013
813 0.000013
814 0.000014
815 0.000013
816 0.000012
817 0.000011
818 0.000010
819 0.000010
820 0.000010
821 0.000009
822 0.000009
823 0.000009
824 0.000009
825 0.000010
826 0.000011
827 0.000013
828 0.000018
829 0.000024
830 0.000030
831 0.000037
832 0.000044
833 0.000050
834 0.000052
835 0.000044
836 0.000043
837 0.000043
838 0.000042
839 0.000040
840 0.000038
841 0.000035
842 0.000036
843 0.000035
844 0.000039
845 0.000039
846 0.000041
847 0.000042
848 0.000044
849 0.000047
850 0.000049
851 0.000051
852 0.000054
853 0.000056
854 0.000059
855 0.000062
856 0.000065
857 0.000068
858 0.000070
859 0.000073
860 0.000076
861 0.000079
862 0.000082
863 0.000084
864 0.000087
865 0.000090
866 0.000093
867 0.000095
868 0.000098
869 0.000101
870 0.000104
871 0.000106
872 0.000109
873 0.000112
874 0.000115
875 0.000117
876 0.000120
877 0.000123
878 0.000126
879 0.000129
880 0.000132
881 0.000135
882 0.000139
883 0.000142
884 0.000146
885 0.000150
886 0.000154
887 0.000158
888 0.000163
889 0.000168
890 0.000174
891 0.000180
892 0.000186
893 0.000193
894 0.000199
895 0.000204
896 0.000209
897 0.000211
898 0.000210
899 0.000209
900 0.000205
901 0.000201
902 0.000196
903 0.000192
904 0.000186
905 0.000181
906 0.000177
907 0.000172
908 0.000167
909 0.000162
910 0.000158
911 0.000153
912 0.000148
913 0.000143
914 0.000138
915 0.000134
916 0.000129
917 0.000125
918 0.000120
919 0.000115
920 0.000111
921 0.000107
922 0.000103
923 0.000099
924 0.000095
925 0.000091
926 0.000087
927 0.000084
928 0.000080
929 0.000077
930 0.000074
931 0.000071
932 0.000068
933 0.000000
934 0.000000
935 0.000000
936 0.000000
937 0.000000
938 0.000000
939 0.000000
940 0.000000
941 0.000000
942 0.000000
943 0.000000
944 0.000000
945 0.000000
946 0.000000
947 0.000000
948 0.000000
949 0.000000
950 0.000000
951 0.000000
952 0.000000
953 0.000000
954 0.000000
955 0.000000
956 0.000000
957 0.000000
958 0.000000
959 0.000000
960 0.000000
961 0.000000
962 0.000000
963 0.000000
964 0.000000
965 0.000000
966 0.000000
967 0.000000
968 0.000000
969 0.000000
970 0.000000
971 0.000000
972 0.000000
973 0.000000
974 0.000000
975 0.000000
976 0.000000
977 0.000000
978 0.000000
979 0.000000
980 0.000000
981 0.000000
982 0.000000
983 0.000000
984 0.000000
985 0.000000
986 0.000000
987 0.000000
988 0.000000
989 0.000000
990 0.000000
991 0.000000
992 0.000000
993 0.000000
994 0.000000
995 0.000000
996 0.000000
997 0.000000
998 0.000000
999 0.000000
1000 0.000000
;;
;; BAND MS3
400 0.000003
401 0.000002
402 0.000002
403 0.000002
404 0.000002
405 0.000003
406 0.000003
407 0.000003
408 0.000003
409 0.000006
410 0.000006
411 0.000007
412 0.000003
413 0.000004
414 0.000006
415 0.000002
416 0.000003
417 0.000002
418 0.000003
419 0.000006
420 0.000005
421 0.000004
422 0.000002
423 0.000004
424 0.000006
425 0.000008
426 0.000008
427 0.000002
428 0.000002
429 0.000003
430 0.000002
431 0.000010
432 0.000007
433 0.000010
434 0.000016
435 0.000023
436 0.000028
437 0.000031
438 0.000015
439 0.000019
440 0.000022
441 0.000025
442 0.000025
443 0.000030
444 0.000038
445 0.000058
446 0.000076
447 0.000106
448 0.000132
449 0.000188
450 0.000268
451 0.000363
452 0.000481
453 0.000575
454 0.000618
455 0.000671
456 0.000761
457 0.000876
458 0.001071
459 0.001325
460 0.001677
461 0.002221
462 0.003040
463 0.003899
464 0.004012
465 0.003065
466 0.001978
467 0.001334
468 0.000953
469 0.000686
470 0.000478
471 0.000334
472 0.000239
473 0.000179
474 0.000143
475 0.000135
476 0.000141
477 0.000175
478 0.000216
479 0.000293
480 0.000410
481 0.000593
482 0.000928
483 0.001425
484 0.001716
485 0.001390
486 0.000842
487 0.000539
488 0.000384
489 0.000278
490 0.000204
491 0.000141
492 0.000093
493 0.000068
494 0.000059
495 0.000053
496 0.000056
497 0.000067
498 0.000066
499 0.000081
500 0.000111
501 0.000149
502 0.000206
503 0.000307
504 0.000478
505 0.000688
506 0.000777
507 0.000624
508 0.000409
509 0.000272
510 0.000199
511 0.000150
512 0.000095
513 0.000055
514 0.000038
515 0.000025
516 0.000017
517 0.000012
518 0.000012
519 0.000012
520 0.000007
521 0.000003
522 0.000001
523 0.000006
524 0.000002
525 0.000015
526 0.000020
527 0.000018
528 0.000021
529 0.000047
530 0.000083
531 0.000112
532 0.000160
533 0.000237
534 0.000344
535 0.000484
536 0.000630
537 0.000703
538 0.000669
539 0.000559
540 0.000441
541 0.000367
542 0.000301
543 0.000247
544 0.000214
545 0.000183
546 0.000160
547 0.000140
548 0.000141
549 0.000150
550 0.000160
551 0.000182
552 0.000207
553 0.000231
554 0.000272
555 0.000346
556 0.000412
557 0.000502
558 0.000618
559 0.000755
560 0.000908
561 0.001080
562 0.001238
563 0.001327
564 0.001373
565 0.001357
566 0.001294
567 0.001210
568 0.001141
569 0.001076
570 0.001013
571 0.000973
572 0.000945
573 0.000938
574 0.000938
575 0.000950
576 0.000991
577 0.001069
578 0.001149
579 0.001248
580 0.001415
581 0.001574
582 0.001757
583 0.001979
584 0.002239
585 0.002493
586 0.002740
587 0.002990
588 0.003194
589 0.003359
590 0.003462
591 0.003503
592 0.003510
593 0.003519
594 0.003450
595 0.003407
596 0.003385
597 0.003378
598 0.003384
599 0.003415
600 0.003494
601 0.003638
602 0.003807
603 0.004021
604 0.004321
605 0.004704
606 0.005180
607 0.005769
608 0.006496
609 0.007424
610 0.008695
611 0.010244
612 0.012276
613 0.014864
614 0.018309
615 0.022868
616 0.029066
617 0.037321
618 0.048261
619 0.063295
620 0.083589
621 0.109996
622 0.144727
623 0.189654
624 0.245474
625 0.311895
626 0.386469
627 0.462918
628 0.531680
629 0.590101
630 0.637112
631 0.667589
632 0.690320
633 0.705347
634 0.717357
635 0.724851
636 0.732533
637 0.739658
638 0.746041
639 0.751577
640 0.758385
641 0.764228
642 0.767445
643 0.773086
644 0.776657
645 0.779822
646 0.781059
647 0.784699
648 0.790231
649 0.796812
650 0.802881
651 0.811636
652 0.819949
653 0.828618
654 0.838503
655 0.849367
656 0.859870
657 0.872370
658 0.883187
659 0.893261
660 0.905100
661 0.910903
662 0.921799
663 0.929302
664 0.935093
665 0.942504
666 0.947245
667 0.950485
668 0.955180
669 0.961392
670 0.965091
671 0.969084
672 0.974985
673 0.979989
674 0.983508
675 0.989186
676 0.992192
677 0.996264
678 0.998728
679 0.999028
680 1.000000
681 0.996313
682 0.989973
683 0.982274
684 0.965005
685 0.942221
686 0.911069
687 0.867728
688 0.814620
689 0.754257
690 0.685146
691 0.613316
692 0.540846
693 0.470382
694 0.403760
695 0.344405
696 0.290334
697 0.243603
698 0.204906
699 0.171420
700 0.143669
701 0.120527
702 0.101230
703 0.085311
704 0.072224
705 0.061630
706 0.052812
707 0.045515
708 0.039439
709 0.034415
710 0.030241
711 0.026766
712 0.023770
713 0.021235
714 0.019160
715 0.017296
716 0.015761
717 0.014370
718 0.013153
719 0.012163
720 0.011245
721 0.010390
722 0.009673
723 0.009063
724 0.008481
725 0.008070
726 0.007693
727 0.007308
728 0.006995
729 0.006681
730 0.006433
731 0.006245
732 0.006037
733 0.005845
734 0.005656
735 0.005491
736 0.005371
737 0.005259
738 0.005217
739 0.005229
740 0.005249
741 0.005222
742 0.005130
743 0.005113
744 0.005115
745 0.005081
746 0.005172
747 0.005209
748 0.005241
749 0.005296
750 0.005321
751 0.005374
752 0.005422
753 0.005439
754 0.005566
755 0.005728
756 0.005837
757 0.005961
758 0.005984
759 0.006005
760 0.006207
761 0.006288
762 0.006382
763 0.006476
764 0.006631
765 0.006752
766 0.006913
767 0.007166
768 0.007257
769 0.007325
770 0.007455
771 0.007606
772 0.007809
773 0.007977
774 0.008163
775 0.008274
776 0.008379
777 0.008503
778 0.008623
779 0.008751
780 0.008972
781 0.009149
782 0.009298
783 0.009533
784 0.009688
785 0.009765
786 0.009917
787 0.010032
788 0.010119
789 0.010133
790 0.010192
791 0.010329
792 0.010296
793 0.010307
794 0.010264
795 0.010083
796 0.009932
797 0.009815
798 0.009688
799 0.009647
800 0.009519
801 0.009277
802 0.009119
803 0.008821
804 0.008395
805 0.008088
806 0.007870
807 0.007653
808 0.007425
809 0.007116
810 0.006802
811 0.006504
812 0.006309
813 0.006117
814 0.005729
815 0.005341
816 0.005115
817 0.004972
818 0.004800
819 0.004698
820 0.004570
821 0.004320
822 0.004237
823 0.003974
824 0.003732
825 0.003480
826 0.003487
827 0.003320
828 0.003276
829 0.003034
830 0.002848
831 0.002994
832 0.002799
833 0.002775
834 0.002779
835 0.002646
836 0.002386
837 0.002497
838 0.002633
839 0.002689
840 0.002659
841 0.002567
842 0.002418
843 0.002235
844 0.002032
845 0.001821
846 0.001615
847 0.001429
848 0.001283
849 0.001179
850 0.001138
851 0.001173
852 0.001293
853 0.001487
854 0.001746
855 0.002053
856 0.002394
857 0.002758
858 0.003128
859 0.003489
860 0.003834
861 0.004153
862 0.004420
863 0.004621
864 0.004758
865 0.004806
866 0.004763
867 0.004658
868 0.004525
869 0.004401
870 0.004276
871 0.004157
872 0.004058
873 0.003953
874 0.003860
875 0.003779
876 0.003709
877 0.003642
878 0.003587
879 0.003534
880 0.003493
881 0.003467
882 0.003434
883 0.003412
884 0.003394
885 0.003379
886 0.003369
887 0.003359
888 0.003352
889 0.003351
890 0.003351
891 0.003350
892 0.003352
893 0.003350
894 0.003362
895 0.003369
896 0.003389
897 0.003400
898 0.003412
899 0.003441
900 0.003469
901 0.003500
902 0.003539
903 0.003582
904 0.003616
905 0.003654
906 0.003707
907 0.003754
908 0.003795
909 0.003847
910 0.003907
911 0.003942
912 0.003970
913 0.004004
914 0.004024
915 0.004038
916 0.004046
917 0.004055
918 0.004036
919 0.004002
920 0.003972
921 0.003935
922 0.003889
923 0.003820
924 0.003763
925 0.003685
926 0.003606
927 0.003516
928 0.003422
929 0.003330
930 0.003234
931 0.003142
932 0.003052
933 0.002960
934 0.002877
935 0.002807
936 0.002727
937 0.002657
938 0.002605
939 0.002553
940 0.002500
941 0.002454
942 0.002420
943 0.002394
944 0.002364
945 0.002351
946 0.002346
947 0.002345
948 0.002346
949 0.002368
950 0.002391
951 0.002425
952 0.002467
953 0.002513
954 0.002566
955 0.002634
956 0.002712
957 0.002794
958 0.002889
959 0.002993
960 0.003101
961 0.003230
962 0.003359
963 0.003455
964 0.003538
965 0.003581
966 0.003564
967 0.003510
968 0.003374
969 0.003173
970 0.002897
971 0.002592
972 0.002282
973 0.002040
974 0.001903
975 0.001911
976 0.002080
977 0.002270
978 0.001969
979 0.002124
980 0.002025
981 0.002218
982 0.002645
983 0.003759
984 0.002592
985 0.002785
986 0.001959
987 0.001587
988 0.001898
989 0.001226
990 0.002157
991 0.003002
992 0.001893
993 0.001505
994 0.000892
995 0.001273
996 0.002516
997 0.001966
998 0.001931
999 0.001035
1000 0.001714
;;
;; BAND MS4
400 0.000001
401 0.000001
402 0.000000
403 0.000000
404 0.000001
405 0.000001
406 0.000001
407 0.000002
408 0.000001
409 0.000001
410 0.000001
411 0.000002
412 0.000003
413 0.000004
414 0.000005
415 0.000004
416 0.000004
417 0.000004
418 0.000005
419 0.000005
420 0.000005
421 0.000006
422 0.000005
423 0.000004
424 0.000001
425 0.000002
426 0.000006
427 0.000009
428 0.000011
429 0.000012
430 0.000011
431 0.000010
432 0.000012
433 0.000013
434 0.000013
435 0.000012
436 0.000011
437 0.000010
438 0.000009
439 0.000007
440 0.000005
441 0.000002
442 0.000003
443 0.000013
444 0.000029
445 0.000054
446 0.000092
447 0.000142
448 0.000202
449 0.000268
450 0.000335
451 0.000402
452 0.000477
453 0.000571
454 0.000690
455 0.000830
456 0.000969
457 0.001076
458 0.001145
459 0.001145
460 0.001102
461 0.001048
462 0.001038
463 0.001095
464 0.001252
465 0.001508
466 0.001818
467 0.002117
468 0.002344
469 0.002435
470 0.002387
471 0.002207
472 0.001966
473 0.001730
474 0.001505
475 0.001315
476 0.001149
477 0.000986
478 0.000826
479 0.000673
480 0.000530
481 0.000413
482 0.000322
483 0.000261
484 0.000225
485 0.000209
486 0.000217
487 0.000255
488 0.000346
489 0.000524
490 0.000848
491 0.001383
492 0.002146
493 0.003098
494 0.004060
495 0.004831
496 0.005208
497 0.005077
498 0.004595
499 0.003972
500 0.003441
501 0.003101
502 0.002981
503 0.002984
504 0.003016
505 0.002981
506 0.002834
507 0.002565
508 0.002225
509 0.001878
510 0.001555
511 0.001297
512 0.001102
513 0.000960
514 0.000847
515 0.000755
516 0.000667
517 0.000581
518 0.000497
519 0.000416
520 0.000342
521 0.000278
522 0.000226
523 0.000187
524 0.000159
525 0.000143
526 0.000135
527 0.000136
528 0.000146
529 0.000166
530 0.000202
531 0.000261
532 0.000353
533 0.000496
534 0.000712
535 0.001016
536 0.001401
537 0.001840
538 0.002257
539 0.002572
540 0.002712
541 0.002672
542 0.002475
543 0.002204
544 0.001929
545 0.001716
546 0.001602
547 0.001611
548 0.001754
549 0.002060
550 0.002557
551 0.003270
552 0.004184
553 0.005228
554 0.006271
555 0.007162
556 0.007693
557 0.007810
558 0.007513
559 0.006954
560 0.006272
561 0.005642
562 0.005157
563 0.004860
564 0.004757
565 0.004817
566 0.004988
567 0.005218
568 0.005442
569 0.005606
570 0.005674
571 0.005612
572 0.005434
573 0.005164
574 0.004853
575 0.004533
576 0.004251
577 0.004021
578 0.003877
579 0.003817
580 0.003837
581 0.003932
582 0.004098
583 0.004311
584 0.004558
585 0.004810
586 0.005039
587 0.005231
588 0.005348
589 0.005388
590 0.005352
591 0.005244
592 0.005085
593 0.004924
594 0.004767
595 0.004634
596 0.004543
597 0.004513
598 0.004522
599 0.004577
600 0.004666
601 0.004780
602 0.004896
603 0.004981
604 0.005027
605 0.005005
606 0.004925
607 0.004763
608 0.004552
609 0.004293
610 0.004025
611 0.003750
612 0.003484
613 0.003251
614 0.003058
615 0.002895
616 0.002789
617 0.002719
618 0.002688
619 0.002700
620 0.002749
621 0.002830
622 0.002946
623 0.003093
624 0.003270
625 0.003461
626 0.003675
627 0.003889
628 0.004108
629 0.004314
630 0.004513
631 0.004673
632 0.004808
633 0.004913
634 0.004984
635 0.005024
636 0.005037
637 0.005041
638 0.005041
639 0.005047
640 0.005070
641 0.005111
642 0.005177
643 0.005285
644 0.005419
645 0.005588
646 0.005789
647 0.006027
648 0.006285
649 0.006570
650 0.006878
651 0.007191
652 0.007502
653 0.007811
654 0.008100
655 0.008368
656 0.008604
657 0.008814
658 0.008980
659 0.009110
660 0.009215
661 0.009285
662 0.009338
663 0.009362
664 0.009394
665 0.009419
666 0.009435
667 0.009458
668 0.009501
669 0.009566
670 0.009640
671 0.009744
672 0.009864
673 0.009998
674 0.010140
675 0.010276
676 0.010406
677 0.010538
678 0.010638
679 0.010719
680 0.010776
681 0.010797
682 0.010773
683 0.010755
684 0.010675
685 0.010572
686 0.010437
687 0.010260
688 0.010069
689 0.009853
690 0.009614
691 0.009357
692 0.009095
693 0.008810
694 0.008512
695 0.008221
696 0.007922
697 0.007636
698 0.007371
699 0.007104
700 0.006845
701 0.006625
702 0.006420
703 0.006228
704 0.006083
705 0.005961
706 0.005861
707 0.005772
708 0.005692
709 0.005634
710 0.005587
711 0.005570
712 0.005570
713 0.005588
714 0.005628
715 0.005703
716 0.005797
717 0.005905
718 0.006057
719 0.006235
720 0.006430
721 0.006644
722 0.006877
723 0.007154
724 0.007447
725 0.007810
726 0.008191
727 0.008638
728 0.009141
729 0.009711
730 0.010385
731 0.011151
732 0.012017
733 0.012961
734 0.014013
735 0.015215
736 0.016572
737 0.018085
738 0.019803
739 0.021717
740 0.023907
741 0.026403
742 0.029301
743 0.032490
744 0.036367
745 0.040711
746 0.045785
747 0.051605
748 0.058270
749 0.065924
750 0.074982
751 0.085198
752 0.097015
753 0.110647
754 0.126493
755 0.144697
756 0.165225
757 0.189182
758 0.215434
759 0.244991
760 0.278423
761 0.314897
762 0.354234
763 0.396267
764 0.440589
765 0.485521
766 0.533217
767 0.578493
768 0.623165
769 0.665082
770 0.703977
771 0.740107
772 0.770463
773 0.795981
774 0.817829
775 0.835191
776 0.850664
777 0.862700
778 0.869262
779 0.874763
780 0.878042
781 0.880905
782 0.881452
783 0.879821
784 0.879980
785 0.877409
786 0.877396
787 0.876762
788 0.876312
789 0.877767
790 0.878674
791 0.882029
792 0.886548
793 0.891695
794 0.897947
795 0.904417
796 0.910948
797 0.920149
798 0.927253
799 0.934334
800 0.942609
801 0.949587
802 0.959865
803 0.969636
804 0.974879
805 0.982937
806 0.987861
807 0.991235
808 0.996897
809 0.996845
810 1.000000
811 0.997555
812 0.996512
813 0.992161
814 0.996647
815 0.992344
816 0.989229
817 0.984577
818 0.983131
819 0.983412
820 0.978745
821 0.978599
822 0.976181
823 0.977137
824 0.978758
825 0.979386
826 0.978290
827 0.981004
828 0.986396
829 0.986533
830 0.987769
831 0.990228
832 0.989427
833 0.989756
834 0.988946
835 0.989061
836 0.988864
837 0.986505
838 0.982941
839 0.983283
840 0.980487
841 0.978422
842 0.974429
843 0.970909
844 0.968762
845 0.967306
846 0.965411
847 0.963548
848 0.966748
849 0.966474
850 0.967083
851 0.969266
852 0.970147
853 0.969642
854 0.969246
855 0.965767
856 0.959836
857 0.953629
858 0.947292
859 0.941972
860 0.939516
861 0.939310
862 0.937207
863 0.932852
864 0.928329
865 0.921775
866 0.913814
867 0.902559
868 0.893286
869 0.885282
870 0.874348
871 0.861097
872 0.847739
873 0.828393
874 0.806632
875 0.782271
876 0.755911
877 0.726478
878 0.697343
879 0.666982
880 0.637745
881 0.609789
882 0.579218
883 0.548835
884 0.517036
885 0.483696
886 0.449341
887 0.414449
888 0.380401
889 0.348114
890 0.316867
891 0.286225
892 0.256241
893 0.226500
894 0.198601
895 0.171904
896 0.147944
897 0.126212
898 0.107506
899 0.092057
900 0.078927
901 0.067857
902 0.058717
903 0.051134
904 0.044473
905 0.038405
906 0.032793
907 0.027645
908 0.023504
909 0.020838
910 0.019399
911 0.018246
912 0.016631
913 0.014344
914 0.011867
915 0.010149
916 0.009720
917 0.010390
918 0.011424
919 0.012249
920 0.012692
921 0.012804
922 0.012753
923 0.012617
924 0.012533
925 0.012357
926 0.012099
927 0.011648
928 0.010994
929 0.010202
930 0.009364
931 0.008649
932 0.008137
933 0.007828
934 0.007673
935 0.007540
936 0.007212
937 0.006659
938 0.005957
939 0.005272
940 0.004848
941 0.004791
942 0.004967
943 0.005119
944 0.005077
945 0.004908
946 0.004670
947 0.004378
948 0.004031
949 0.003685
950 0.003344
951 0.003021
952 0.002706
953 0.002438
954 0.002316
955 0.002403
956 0.002644
957 0.002921
958 0.003161
959 0.003361
960 0.003553
961 0.003760
962 0.003921
963 0.003970
964 0.003956
965 0.003922
966 0.003904
967 0.003917
968 0.003840
969 0.003639
970 0.003324
971 0.003019
972 0.002830
973 0.002819
974 0.002889
975 0.002908
976 0.002781
977 0.002607
978 0.002421
979 0.002328
980 0.002339
981 0.002436
982 0.002612
983 0.002790
984 0.002888
985 0.002826
986 0.002602
987 0.002288
988 0.002005
989 0.001778
990 0.001628
991 0.001523
992 0.001427
993 0.001379
994 0.001369
995 0.001399
996 0.001427
997 0.001392
998 0.001261
999 0.001039
1000 0.000792
